19
22
30
47
49
57
67
108
214
233
294
299
381
394
434
462
469
481
508
524
549
623
626
643
645
720
727
728
780
922
928
935
1049
1188
1262
1312
1321
1326
1371
1411
1441
1501
1555
1557
1558
1584
1591
1608
1609
1654
1655
1656
1663
1664
1682
1684
1685
1693
1701
1705
1708
1716
1720
1731
1740
1741
1743
1744
1746
1752
1766
1771
1774
1785
1797
1800
1806
1808
1809
1812
1815
1816
1822
1825
1828
1830
1832
1833
1834
1835
1843
1844
1845
1848
1849
1850
1862
1865
1866
1867
1870
1881
1882
1889
1890
1896
1900
1904
1906
1911
1912
1917
1918
