13
14
15
19
22
30
39
47
48
49
57
59
65
66
67
68
69
70
71
72
73
88
90
108
113
127
130
138
143
147
148
149
160
196
201
212
214
220
226
229
233
238
249
252
284
285
288
290
294
299
309
313
323
328
346
349
367
377
381
387
394
398
399
404
421
434
461
462
469
478
481
492
495
496
499
507
508
510
518
522
524
533
534
535
543
549
555
561
578
589
619
623
626
635
637
642
643
644
645
647
649
685
693
697
714
720
723
727
728
758
780
788
801
802
804
813
824
837
868
871
879
902
903
912
913
918
922
928
930
931
935
949
952
959
991
994
995
1016
1017
1019
1020
1049
1050
1058
1059
1084
1104
1123
1128
1135
1150
1153
1162
1164
1176
1183
1188
1194
1198
1212
1213
1233
1242
1243
1251
1254
1261
1262
1282
1312
1320
1321
1325
1326
1362
1366
1368
1369
1371
1375
1378
1381
1386
1395
1411
1419
1432
1440
1441
1447
1452
1454
1459
1467
1470
1477
1479
1497
1499
1501
1510
1526
1528
1529
1546
1547
1548
1549
1553
1555
1557
1558
1564
1571
1575
1580
1581
1584
1586
1588
1591
1594
1605
1608
1609
1615
1617
1618
1619
1639
1644
1645
1648
1654
1655
1656
1657
1660
1663
1664
1668
1670
1673
1676
1677
1679
1680
1682
1684
1685
1687
1688
1691
1693
1694
1695
1696
1701
1703
1705
1708
1709
1710
1711
1712
1715
1716
1718
1720
1724
1726
1727
1730
1731
1733
1734
1735
1737
1739
1740
1741
1743
1744
1746
1748
1749
1752
1753
1758
1766
1767
1769
1770
1771
1772
1774
1782
1783
1784
1785
1787
1789
1790
1791
1792
1794
1795
1797
1800
1801
1802
1804
1805
1806
1808
1809
1810
1812
1814
1815
1816
1819
1822
1823
1825
1828
1830
1832
1833
1834
1835
1838
1841
1842
1843
1844
1845
1846
1847
1848
1849
1850
1852
1853
1855
1858
1859
1860
1862
1865
1866
1867
1870
1871
1872
1873
1874
1875
1879
1881
1882
1883
1887
1889
1890
1892
1895
1896
1897
1898
1900
1901
1902
1904
1906
1907
1908
1909
1911
1912
1913
1916
1917
1918
1919
1920
1921
1922
1923
1925
