88
113
127
138
143
147
148
149
196
201
212
220
226
229
238
249
252
284
285
288
290
309
313
323
328
346
349
377
387
398
399
404
421
461
478
492
495
496
499
510
522
533
534
535
543
555
561
578
589
619
635
637
642
644
647
649
685
693
697
714
723
758
788
801
802
804
813
824
837
868
871
879
902
903
912
913
918
930
949
952
959
991
994
995
1016
1017
1058
1059
1084
1104
1123
1128
1135
1150
1153
1164
1176
1183
1194
1198
1212
1213
1242
1243
1251
1254
1261
1282
1320
1325
1366
1368
1369
1375
1378
1381
1386
1395
1419
1432
1440
1447
1454
1459
1467
1470
1477
1479
1497
1499
1526
1528
1529
1546
1547
1548
1549
1553
1564
1571
1575
1580
1581
1586
1588
1594
1605
1615
1617
1618
1619
1639
1644
1645
1648
1657
1660
1668
1670
1673
1676
1677
1679
1680
1687
1688
1691
1694
1695
1696
1703
1709
1710
1711
1712
1715
1718
1724
1726
1727
1730
1733
1734
1735
1737
1739
1748
1749
1753
1758
1767
1769
1770
1772
1782
1783
1784
1787
1789
1790
1791
1792
1794
1795
1801
1802
1804
1805
1810
1814
1819
1823
1838
1841
1842
1846
1847
1852
1853
1855
1858
1859
1860
1871
1872
1873
1874
1875
1879
1883
1887
1892
1895
1901
1902
1907
1908
1909
1913
1916
1919
1920
1921
1922
1923
1925
