1016
1017
1058
1059
1084
1104
1123
1128
113
1135
1150
1164
1176
1194
1198
1213
1243
1251
1261
127
1282
1320
1366
1368
1369
1375
138
1386
1395
1419
143
1440
1447
1454
1459
1467
147
1470
1477
148
1497
1499
1528
1529
1564
1586
1588
1605
1639
1644
1660
1677
1688
1696
1710
1711
1712
1724
1726
1753
1769
1770
1783
1791
1794
1801
1814
1819
1847
1855
1858
1859
1875
1883
1892
1895
1901
1902
1907
1908
1909
1913
1916
1919
1920
1921
1922
1923
1925
196
212
220
229
249
284
285
288
309
323
328
346
377
387
398
421
492
495
496
499
522
533
535
543
555
561
635
637
647
649
685
693
714
723
758
788
801
813
824
837
868
871
879
902
903
912
913
918
949
952
991
994
995
